1 3077
1 1391
1 3112
1 3077
1 3025
1 2667
1 2629
1 2501
1 2371
1 2319
2 3080
2 2850
2 2483
2 2317
2 1939
2 1345
2 1145
2 1046
2 971
2 397
3 2971
3 2939
3 2652
3 2651
3 2541
3 2534
3 2423
3 2265
3 2252
3 2061
4 2931
4 3128
4 2939
4 2931
4 2851
4 3128
4 2939
4 2931
4 2851
4 2470
5 2314
5 2314
5 2716
5 2314
5 2247
5 1978
5 1366
5 1307
5 3147
5 3127
6 3148
6 3033
6 2931
6 2873
6 2828
6 2826
6 2804
6 2721
6 2698
6 2306
7 3043
7 2912
7 3043
7 2912
7 2317
7 1145
7 3141
7 3128
7 3043
7 2912
8 2849
8 2541
8 2202
8 3127
8 3087
8 3070
8 2951
8 2950
8 2920
8 2849
9 2849
9 2849
9 3137
9 3131
9 3127
9 3087
9 3070
9 3068
9 3023
9 3002
10 2895
10 2785
10 2060
10 1747
10 1471
10 1262
10 3194
10 3184
10 3156
10 3150
11 2699
11 3171
11 3150
11 3148
11 3127
11 3080
11 3077
11 3027
11 2956
11 2954
12 3127
12 3202
12 3196
12 3137
12 3131
12 3127
12 3124
12 3112
12 3105
12 3090
13 3005
13 2944
13 2856
13 2801
13 2748
13 2722
13 2716
13 2598
13 2559
13 2314
14 3054
14 3054
14 2812
14 2716
14 2314
14 3147
14 3087
14 3085
14 3054
14 2944
15 2944
15 3125
15 3085
15 3054
15 3024
15 2944
15 2907
15 2851
15 2827
15 2195
16 2421
16 2378
16 3049
16 2421
16 2378
16 2376
16 2003
16 2002
16 1962
16 1665
17 1223
17 2491
17 2253
17 1223
17 1134
17 3150
17 3110
17 3099
17 3080
17 3054
18 3005
18 2138
18 1223
18 1135
18 3027
18 3005
18 2968
18 2651
18 2541
18 2433
19 3175
19 3156
19 3075
19 2973
19 2838
19 2785
19 2714
19 2692
19 2570
19 2557
20 2695
20 2986
20 2695
20 1961
20 2986
20 2883
20 2780
20 2769
20 2722
20 2695
21 2189
21 3184
21 3067
21 3027
21 2931
21 2787
21 2771
21 2702
21 2598
21 2263
22 2924
22 2913
22 2828
22 2751
22 2692
22 2402
22 2004
22 1978
22 1915
22 1885
23 3165
23 3138
23 3135
23 3131
23 3072
23 3067
23 3032
23 2936
23 2924
23 2862
24 3165
24 3153
24 3138
24 3120
24 3059
24 3030
24 3020
24 2931
24 2753
24 2535
25 3048
25 2741
25 2711
25 2318
25 3136
25 3072
25 3048
25 3028
25 2988
25 2984
26 3128
26 3105
26 2849
26 2541
26 2376
26 2320
26 1108
26 964
26 3131
26 3128
27 2582
27 2378
27 2297
27 1960
27 1752
27 3080
27 3067
27 3050
27 3049
27 3006
28 3032
28 3069
28 3032
28 2949
28 2890
28 2402
28 2401
28 2289
28 2274
28 1846
29 2927
29 2927
29 3037
29 2927
29 2200
29 3124
29 3037
29 3021
29 2927
29 2925
30 1651
30 2396
30 1926
30 1856
30 1651
30 397
30 3087
30 2829
30 2786
30 2645
31 2893
31 2829
31 2370
31 2188
31 1686
31 3138
31 3112
31 3066
31 3059
31 2931
32 3139
32 3139
32 3139
32 3018
32 2177
32 2145
32 1905
32 1504
32 1145
32 3156
33 2697
33 1143
33 3112
33 2957
33 2925
33 2697
33 2695
33 1524
33 1143
33 3153
34 1046
34 2808
34 2544
34 2458
34 2440
34 2291
34 1999
34 1893
34 1763
34 1722
35 3071
35 2645
35 1386
35 3071
35 2931
35 2645
35 2323
35 2314
35 2165
35 2164
36 1265
36 2698
36 2112
36 2110
36 1768
36 1350
36 1265
36 1012
36 2836
36 2794
37 2376
37 3142
37 3128
37 2376
37 2265
37 2233
37 243
37 3142
37 3128
37 3105
38 3087
38 3087
38 1768
38 3105
38 3087
38 2941
38 2939
38 2931
38 2705
38 2470
39 2940
39 2940
39 2178
39 1614
39 3105
39 2957
39 2940
39 2651
39 2470
39 2341
40 1485
40 2940
40 2254
40 1485
40 1470
40 3103
40 2958
40 2940
40 2699
40 2470
41 2849
41 3153
41 3112
41 3089
41 3082
41 3072
41 3043
41 2849
41 2829
41 2535
42 462
42 3048
42 2984
42 2894
42 2741
42 2711
42 2402
42 2286
42 2215
42 1726
43 2751
43 2402
43 1726
43 1325
43 462
43 3086
43 3052
43 2988
43 2977
43 2951
44 1002
44 2829
44 2605
44 2325
44 1686
44 1366
44 1325
44 1135
44 1002
44 974
45 3002
45 3002
45 3089
45 3002
45 2849
45 2816
45 2812
45 2451
45 2372
45 2344
46 1457
46 2990
46 2631
46 1665
46 1652
46 1457
46 1032
46 2990
46 2812
46 2711
47 2451
47 2372
47 1032
47 3072
47 2990
47 2535
47 2451
47 2372
47 2314
47 1699
48 3138
48 2314
48 3138
48 3087
48 3067
48 3032
48 2314
48 3138
48 3087
48 3067
49 2795
49 3134
49 3012
49 2990
49 2795
49 2561
49 2519
49 2390
49 2307
49 2288
50 1680
50 3156
50 3134
50 3096
50 3075
50 3012
50 2990
50 2973
50 2865
50 2846
51 3156
51 3153
51 3075
51 2973
51 2838
51 2714
51 2570
51 1613
51 3175
51 3156
52 2721
52 3072
52 3070
52 3067
52 3048
52 2914
52 2890
52 2882
52 2862
52 2859
53 2210
53 3077
53 2986
53 2806
53 2769
53 2648
53 2470
53 2210
53 2169
53 1907
54 2470
54 3031
54 2958
54 2931
54 2470
54 3087
54 3031
54 2958
54 2941
54 2940
55 1665
55 3077
55 2940
55 2921
55 2184
55 1885
55 1739
55 1665
55 1612
55 1453
56 1665
56 2931
56 2051
56 1665
56 2998
56 2931
56 2705
56 2645
56 2470
56 2327
57 3077
57 3077
57 3077
57 3140
57 3077
57 3140
57 3077
57 1278
57 3203
57 3199
58 2314
58 2314
58 3138
58 2314
58 1885
58 1695
58 1433
58 1411
58 3138
58 3087
59 1700
59 2631
59 1700
59 1456
59 3087
59 2795
59 2631
59 1700
59 1456
59 3087
60 3142
60 3142
60 3025
60 2988
60 2593
60 1572
60 1552
60 1518
60 3142
60 3092
61 2631
61 2307
61 3134
61 2711
61 2631
61 2451
61 2307
61 1935
61 3134
61 2722
62 2979
62 2924
62 2720
62 2598
62 2484
62 2195
62 2060
62 1961
62 1806
62 1456
63 2973
63 3156
63 3075
63 2973
63 2884
63 2785
63 2695
63 2692
63 2570
63 2557
64 2051
64 1046
64 3181
64 3164
64 3112
64 3106
64 3103
64 3095
64 3076
64 3074
