1 2
1 3204
1 3174
1 3176
1 3182
1 3181
1 3184
1 3175
1 3172
1 3183
2 2
2 3
2 6
2 4
2 3204
2 3203
2 3202
2 3201
2 3200
2 3199
3 3202
3 3203
3 3204
3 3201
3 3200
3 3184
3 3183
3 3199
3 3185
3 3181
4 3204
4 3203
4 3202
4 3201
4 3200
4 3199
4 3198
4 3195
4 3184
4 3197
5 3204
5 3203
5 3202
5 3201
5 3200
5 3199
5 3198
5 3193
5 3194
5 3195
6 3202
6 3204
6 3203
6 3201
6 3200
6 3199
6 3198
6 3197
6 3195
6 3196
7 3203
7 3204
7 3202
7 3201
7 3200
7 3199
7 3198
7 3195
7 3184
7 3183
8 3204
8 3203
8 3202
8 3201
8 3200
8 3197
8 3198
8 3195
8 3199
8 3184
9 3203
9 3204
9 3202
9 3201
9 3200
9 3199
9 3198
9 3197
9 3195
9 3196
10 2
10 39
10 36
10 37
10 35
10 3
10 38
10 3204
10 3203
10 3194
11 3150
11 3151
11 3152
11 3153
11 3189
11 3190
11 3154
11 3198
11 3191
11 3155
12 25
12 26
12 27
12 28
12 29
12 30
12 31
12 3183
12 3184
12 3185
13 2
13 50
13 54
13 52
13 48
13 55
13 53
13 51
13 49
13 56
14 3184
14 3182
14 3183
14 3185
14 3187
14 3181
14 3186
14 3177
14 3188
14 3202
15 3203
15 3202
15 3204
15 3201
15 3199
15 3200
15 3184
15 3183
15 3185
15 3188
16 3202
16 3203
16 3204
16 3201
16 3200
16 3199
16 3198
16 3195
16 3184
16 3194
17 3203
17 3204
17 3202
17 3201
17 3199
17 3200
17 3183
17 3184
17 3188
17 3185
18 3204
18 3203
18 3202
18 3201
18 3199
18 3200
18 3198
18 3194
18 3193
18 3195
19 3175
19 3166
19 3167
19 3176
19 3168
19 3169
19 3177
19 3178
19 3170
19 3179
20 3204
20 3203
20 3201
20 3202
20 3200
20 3199
20 3198
20 3197
20 3191
20 3193
21 3204
21 3203
21 3202
21 3201
21 3199
21 3200
21 3198
21 3193
21 3194
21 3195
22 3204
22 3203
22 3202
22 3201
22 3200
22 3199
22 3198
22 3197
22 3195
22 3196
23 3204
23 3203
23 3202
23 3201
23 3199
23 3200
23 3198
23 3193
23 3197
23 3194
24 20
24 21
24 22
24 23
24 24
24 25
24 26
24 27
24 28
24 29
25 10
25 8
25 3204
25 3203
25 3202
25 3201
25 3199
25 3200
25 3183
25 3184
26 3202
26 3203
26 3204
26 3201
26 3200
26 3197
26 3198
26 3183
26 3184
26 3195
27 3184
27 3183
27 3185
27 3182
27 3188
27 3186
27 3187
27 3181
27 3189
27 3190
28 3204
28 3202
28 3203
28 3201
28 3200
28 3199
28 3198
28 3197
28 3195
28 3196
29 3204
29 3203
29 3202
29 3201
29 3199
29 3200
29 3193
29 3194
29 3198
29 3192
30 3184
30 3183
30 3185
30 3186
30 3199
30 3198
30 3187
30 3182
30 3193
30 3196
31 3204
31 3203
31 3202
31 3201
31 3200
31 3199
31 3198
31 3197
31 3196
31 3195
32 3204
32 3202
32 3203
32 3201
32 3200
32 3199
32 3198
32 3197
32 3196
32 3195
33 3202
33 3204
33 3203
33 3201
33 3200
33 3199
33 3185
33 3184
33 3183
33 3182
34 3184
34 3183
34 3202
34 3203
34 3204
34 3201
34 3185
34 3181
34 3182
34 3200
35 8
35 10
35 9
35 11
35 3203
35 3204
35 3202
35 3201
35 3199
35 3200
36 1
36 2
36 3
36 3172
36 3198
36 3204
36 3184
36 3176
36 3203
36 3202
37 3204
37 3203
37 3202
37 3201
37 3200
37 3199
37 3185
37 3184
37 3183
37 3186
38 3204
38 3203
38 3202
38 3201
38 3200
38 3199
38 3198
38 3184
38 3185
38 3195
39 3202
39 3204
39 3203
39 3201
39 3200
39 3199
39 3198
39 3195
39 3185
39 3197
40 3202
40 3204
40 3203
40 3201
40 3200
40 3198
40 3199
40 3197
40 3196
40 3195
41 3204
41 3203
41 3202
41 3201
41 3199
41 3200
41 3194
41 3195
41 3183
41 3184
42 10
42 8
42 4
42 7
42 13
42 11
42 9
42 14
42 12
42 5
43 8
43 10
43 7
43 9
43 3203
43 3204
43 3202
43 3201
43 3199
43 3200
44 10
44 7
44 8
44 4
44 3154
44 3155
44 3160
44 3153
44 3176
44 3161
45 3204
45 3202
45 3203
45 3201
45 3200
45 3199
45 3198
45 3195
45 3192
45 3193
46 3204
46 3203
46 3202
46 3201
46 3200
46 3199
46 3198
46 3195
46 3197
46 3196
47 3204
47 3203
47 3202
47 3201
47 3200
47 3185
47 3184
47 3182
47 3199
47 3183
48 3202
48 3204
48 3203
48 3201
48 3200
48 3199
48 3185
48 3184
48 3183
48 3187
49 3202
49 3201
49 3203
49 3200
49 3204
49 3185
49 3184
49 3183
49 3186
49 3199
50 3202
50 3203
50 3204
50 3201
50 3200
50 3197
50 3198
50 3199
50 3195
50 3183
51 3204
51 3203
51 3202
51 3201
51 3199
51 3200
51 3198
51 3193
51 3194
51 3195
52 3204
52 3203
52 3202
52 3201
52 3200
52 3199
52 3198
52 3197
52 3195
52 3196
53 3
53 9
53 10
53 8
53 6
53 4
53 7
53 11
53 5
53 12
54 3204
54 3202
54 3203
54 3184
54 3185
54 3183
54 3201
54 3188
54 3186
54 3187
55 3203
55 3202
55 3204
55 3199
55 3201
55 3200
55 3174
55 3173
55 3175
55 3160
56 3204
56 3203
56 3202
56 3201
56 3200
56 3199
56 3198
56 3192
56 3193
56 3195
57 1
57 17
57 2
57 14
57 16
57 15
57 19
57 18
57 3204
57 3203
58 3204
58 3203
58 3202
58 3201
58 3200
58 3199
58 3198
58 3183
58 3194
58 3193
59 3204
59 3203
59 3202
59 3201
59 3200
59 3199
59 3198
59 3184
59 3196
59 3197
60 3204
60 3203
60 3202
60 3201
60 3200
60 3199
60 3198
60 3197
60 3158
60 3196
61 3182
61 3184
61 3183
61 3185
61 3175
61 3202
61 3181
61 3201
61 3177
61 3203
62 3204
62 3203
62 3202
62 3201
62 3199
62 3200
62 3198
62 3197
62 3195
62 3196
63 3204
63 3203
63 3202
63 3201
63 3199
63 3200
63 3198
63 3194
63 3193
63 3195
64 3204
64 3203
64 3202
64 3201
64 3199
64 3200
64 3193
64 3194
64 3195
64 3198
